00000
00002
00003
00005
00006
00008
00010
00012
00013
00015
00016
00018
00020
00022
00023
00025
00026
00028
00030
00032
00033
00035
00036
00038
00040
00042
00043
00045
00046
00048
00050
00052
00053
00055
00056
00058
00060
00062
00063
00065
00066
00068
00070
00072
00073
00075
00076
00078
00080
00082
00083
00085
00086
00088
00090
00092
00093
00095
00096
00098
00100
00102
00103
00105
00106
00108
00110
00112
00113
00115
00116
00118
00120
00122
00123
00125
00126
00128
00130
00132
00133
00135
00136
00138
00140
00142
00143
00145
00146
00148
00150
00152
00153
00155
00156
00158
00160
00162
00163
00168
00170
00193
00196
00198
00200
00203
00205
00206
00208
00210
00212
00213
00215
00216
00218
00220
00222
00223
00225
00226
00228
00230
00232
00233
00235
00236
00238
00240
00242
00243
00245
00246
00248
00283
00285
00286
00288
00290
00292
00293
00295
00296
00298
00300
00302
00303
00305
00306
00308
00310
00312
00313
00315
00316
00318
00320
00322
00323
00325
00326
00328
00330
00332
00333
00335
00336
00338
00340
00342
00343
00345
00346
00348
00350
00352
00353
00355
00356
00358
00360
00362
00363
00365
00366
00368
00370
00372
00373
00375
00376
00378
00380
00398
00400
00406
00408
00410
00412
00413
00415
00416
00418
00420
00422
00423
00425
00426
00428
00430
00432
00433
00435
00436
00438
00440
00442
00443
00445
00446
00448
00450
00452
00453
00455
00456
00458
00460
00462
00463
00465
00466
00468
00470
00472
00473
00475
00476
00478
00480
00482
00483
00485
00486
00488
00490
00492
00493
00495
00496
00498
00500
00506
00508
00510
00512
00513
00515
00516
00518
00520
00522
00523
00525
00526
00528
00530
00532
00533
00535
00536
00538
00540
00542
00543
00545
00546
00548
00552
00553
00556
00562
00563
00565
00566
00568
00570
00572
00573
00575
00576
00578
00580
00582
00583
00585
00586
00588
00590
00592
00593
00595
00596
00598
00600
00602
00603
00605
00606
00608
00673
00675
00676
00678
00680
00682
00683
00685
00686
00688
00706
00708
00710
00712
00713
00715
00716
00718
00720
00722
00723
00725
00726
00728
00730
00732
00733
00735
00736
00738
00740
00742
00743
00745
00746
00758
00760
00762
00766
00768
00770
00772
00773
00775
00776
00778
00780
00782
00783
00785
00786
00788
00872
00876
00896
00898
00900
00902
00903
00905
00906
01110
01112
01113
01115
01116
01118
01120
01122
01123
01125
01126
01128
01146
01148
01150
01152
01153
01155
01156
01158
01160
01162
01163
01165
01166
01168
01170
01172
01173
01175
01176
01178
01268
01270
01272
01273
01275
01276
01278
01280
01480
01482
01483
01485
01486
01488
01490
01492
01493
01495
01496
01498
01500
01502
01503
01505
01506
01512
01533
01535
01538
01540
01542
01543
01545
01548
01550
01552
01553
01555
01556
01558
01560
01562
01563
01565
01566
01568
01570
01572
01573
01575
01576
01578
01580
01582
01583
01585
01590
01592
01593
01595
01596
01598
01600
01602
01603
01605
01608
01612
01613
01615
01618
01620
01622
01623
01625
01626
01628
01630
01632
01633
01635
01636
01638
01640
01642
01643
01645
01646
01648
01650
01652
01653
01655
01656
01658
01660
01662
01663
01665
01666
01668
01670
01672
01673
01675
01676
01678
01680
01682
01683
01685
01686
01688
01690
01692
01693
01695
01696
01698
01700
01702
01703
01705
01706
01708
01710
01712
01713
01715
01716
01718
01720
01722
01723
01725
01726
01728
01730
01732
01733
01735
01736
01738
01740
01742
01743
01745
01746
01748
01750
01752
01753
01755
01756
01758
01760
01762
01763
01765
01766
01768
01786
01788
01790
01792
01793
01795
01796
01798
01800
01802
01803
01805
01806
01808
01810
01812
01813
01815
01816
01818
01820
01822
01823
01825
01826
01828
01830
01832
01833
01835
01836
01838
01840
01842
01843
01845
01848
01856
01858
01860
01862
01863
01865
01866
01868
01870
01872
01873
01875
01876
01878
01880
01882
01885
01886
01888
01890
01895
01896
01910
01912
01920
01922
01925
01926
01928
01930
01932
01935
01936
01938
01980
01982
01985
01986
01988
02050
02052
02055
02056
02058
02060
02082
02085
02086
02088
02090
02100
02102
02105
02106
02108
02110
02112
02116
02120
02132
02135
02136
02138
02165
02170
02172
02175
02176
02178
02180
02182
02185
02186
02200
02202
02205
02206
02208
02210
02212
02215
02216
02218
02220
02222
02225
02226
02228
02230
02232
02235
02236
02238
02240
02242
02245
02246
02248
02250
02252
02255
02256
02258
02260
02282
02285
02286
02288
02290
02292
02295
02296
02298
02300
02302
02305
02306
02308
02310
02312
02315
02316
02318
02320
02322
02325
02326
02328
02330
02332
02335
02336
02338
02340
02342
02350
02352
02355
02360
02365
02366
02370
02396
02455
02456
02460
02462
02465
02466
02470
02472
02475
02476
02480
02482
02485
02486
02490
02492
02495
02496
02500
02502
02505
02506
02510
02512
02515
02516
02520
02522
02525
02526
02530
02532
02535
02536
02540
02542
02546
02550
02552
02555
02556
02560
02562
02565
02566
02570
02572
02575
02576
02580
02582
02585
02586
02590
02592
02595
02596
02600
02602
02605
02606
02610
02612
02615
02616
02620
02622
02625
02626
02630
02632
02635
02636
02640
02642
02645
02646
02650
02652
02655
02656
02660
02686
02690
02692
02695
02696
02700
02702
02705
02706
02710
02712
02715
02716
02720
02722
02725
02726
02730
02732
02735
02736
02740
02742
02745
02746
02750
02752
02755
02756
02760
02762
02765
02766
02770
02772
02775
02776
02780
02782
02785
02786
02790
02792
02795
02796
02850
02852
02855
02856
02860
02862
02865
02866
02870
02872
02875
02876
02880
02882
02885
02886
02890
02892
02895
02896
02900
02902
02905
02906
02910
02912
02915
02916
02920
02922
02925
02926
02930
02956
02960
02962
02965
02966
02970
02972
02975
02976
02980
02982
02985
02986
02990
02992
02995
02996
03000
03002
03005
03006
03010
03012
03015
03016
03020
03022
03025
03026
03030
03032
03035
03036
03040
03042
03045
03046
03050
03052
03055
03056
03060
03062
03065
03066
03070
03072
03085
03086
03090
03092
03095
03096
03150
03152
03155
03156
03160
03162
03165
03166
03170
03172
03175
03176
03180
03182
03185
03186
03190
03192
03195
03196
03200
03202
03205
03206
03210
03212
03215
03216
03220
03222
03225
03226
03230
03232
03235
03236
03240
03266
03270
03272
03275
03276
03280
03282
03285
03286
03290
03292
03295
03296
03300
03302
03305
03306
03310
03312
03315
03316
03320
03322
03325
03326
03330
03332
03335
03336
03340
03421
03422
03423
03424
03425
03426
03427
03428
03429
03430
03469
03470
03471
03475
03476
03477
03481
03486
03487
03488
03489
03490
03493
03494
03495
03496
03498
03517
03518
03519
03527
03528
03529
03530
03531
03532
03533
03535
03536
03537
03538
03539
03540
03541
03542
03543
03544
03545
03546
03547
03548
03549
03555
03556
03557
03558
03559
03560
03561
03562
03563
03564
03565
03566
03567
03568
03587
03588
03589
03590
03591
03592
03593
03594
03595
03596
03597
03598
03599
03600
03601
03602
03604
03605
03606
03607
03608
03609
03610
03632
03633
03634
03635
03636
03637
03638
03639
03640
03641
03642
03643
03644
03645
03646
03647
03648
03649
03652
03653
03654
03655
03656
03657
03658
03659
03660
03661
03662
03663
03664
03665
03666
03667
03668
03669
03670
03671
03672
03673
03674
03675
03676
03677
03678
03679
03680
03681
03682
03683
03684
03685
03686
03687
03688
03689
03690
03691
03692
03693
03694
03695
03696
03697
03698
03699
03704
03705
03706
03707
03708
03709
03710
03711
03712
03713
03714
03715
03716
03717
03718
03719
03720
03721
03722
03723
03724
03725
03726
03727
03728
03729
03730
03731
03732
03733
03734
03735
03736
03737
03738
03739
03740
03741
03742
03743
03744
03745
03746
03747
03748
03749
03750
03751
03752
03753
03754
03755
03756
03757
03758
03759
03760
03761
03762
03763
03764
03765
03766
03767
03768
03769
03784
03785
03786
03787
03788
03789
03790
03791
03792
03793
03794
03795
03796
03797
03798
03799
03800
03801
03802
03803
03804
03805
03806
03807
03808
03809
03810
03811
03812
03813
03814
03815
03816
03817
03818
03819
03820
03821
03822
03823
03824
03825
03826
03827
03828
03829
03830
03831
03832
03833
03834
03835
03836
03837
03838
03839
03840
03841
03842
03843
03844
03845
03846
03847
03848
03849
03850
03851
03852
03853
03854
03855
03856
03857
03858
03859
03860
03861
03896
03897
03898
03899
03900
03911
03912
03913
03914
03915
03916
03917
03918
03919
03920
03921
03922
03923
03924
03925
03926
03927
03928
03929
03930
03931
03932
03933
03934
03935
03936
03937
03938
03939
03940
03951
03952
03953
03954
03955
03956
03957
03958
03959
03960
03961
03962
03963
03964
03965
03966
03967
03968
03969
03970
03971
03972
03973
03974
03975
03976
03977
03978
03979
03980
03981
03982
03983
03984
03985
03986
03987
03988
03989
03990
04001
04002
04003
04004
04005
04006
04007
04008
04009
04010
04011
04012
04013
04014
04015
04016
04017
04018
04019
04020
04021
04022
04023
04024
04025
04026
04027
04028
04029
04030
04031
04032
04033
04034
04035
04036
04082
04083
04084
04085
04086
04087
04088
04089
04090
04091
04092
04093
04094
04095
04096
04097
04098
04099
04100
04101
04102
04103
04104
04105
04106
04107
04108
04109
04110
04121
04122
04123
04124
04125
04126
04127
04128
04129
04130
04131
04132
04133
04134
04135
04136
04137
04138
04139
04140
04221
04222
04223
04224
04225
04226
04227
04228
04229
04230
04231
04232
04233
04234
04235
04236
04237
04238
04239
04616
04617
04618
04619
04620
04621
04622
04623
04624
04625
04626
04627
04628
04629
04630
04631
04632
04633
04634
04635
04636
04637
04638
04639
04640
04641
04642
04643
04644
04645
04646
04647
04648
04649
04650
04651
04652
04653
04654
04655
04656
04657
04658
04659
04660
04661
04662
04663
04664
04665
04666
04667
04668
04669
04670
04671
04672
04673
04674
04675
04676
04677
04678
04679
04680
04681
04682
04683
04684
04685
04686
04687
04688
04689
04690
04711
04712
04713
04714
04715
04716
04717
04718
04719
04720
04721
04722
04723
04724
04725
04726
04727
04728
04729
04730
04731
04732
04733
04734
04735
04736
04737
04738
04739
04740
04741
04742
04743
04744
04745
04746
04747
04748
04749
04750
04771
04772
04773
04774
04775
04776
04777
04778
04779
04780
04781
04782
04783
04784
04785
04786
04787
04788
04789
04790
04791
04792
04793
04794
04795
04796
04797
04798
04799
04800
04801
04802
04803
04804
04805
04806
04807
04808
04809
04810
04811
04812
04813
04814
04815
04816
04817
04818
04819
04820
04841
04843
04844
04845
04846
04847
04848
04849
04850
04851
04852
04853
04854
04855
04856
04857
04858
04859
04860
04861
04862
04863
04864
04865
04866
04867
04868
04869
04870
04871
04872
04873
04874
04875
04876
04877
04878
04879
04880
04881
04882
04883
04884
04885
04886
04887
04888
04889
04890
04891
04892
04893
04894
04895
04896
04897
04898
04899
04900
04901
04902
04903
04904
04905
04906
04907
04908
04909
04910
04911
04912
04913
04914
04915
04916
05041
05042
05043
05044
05045
05046
05047
05048
05049
05050
05051
05052
05053
05054
05055
05056
05057
05058
05059
05060
05061
05062
05063
05064
05065
05066
05067
05068
05069
05070
05091
05092
05093
05094
05095
05096
05097
05098
05099
05100
05101
05102
05103
05104
05105
05106
05107
05108
05109
05110
05111
05112
05113
05114
05115
05116
05117
05118
05119
05120
05121
05122
05123
05124
05125
05126
05127
05128
05129
05130
05131
05132
05133
05134
05135
05136
05137
05138
05139
05140
05141
05142
05143
05144
05145
05146
05147
05148
05149
05150
05171
05172
05173
05174
05175
05176
05177
05178
05179
05180
05181
05182
05183
05184
05185
05186
05187
05188
05189
05190
05191
05192
05193
05194
05195
05196
05197
05198
05199
05200
05201
05209
05210
05211
05212
05213
05214
05215
05216
05217
05218
05219
05220
05221
05222
05223
05241
05242
05243
05244
05245
05246
05247
05248
05249
05257
05259
05260
05261
05262
05263
05264
05265
05266
05267
05268
05269
05270
05281
05282
05283
05284
05285
05286
05287
05288
05289
05290
05291
05292
05293
05294
05295
05296
05297
05298
05299
05300
05301
05302
05303
05304
05305
05306
05307
05308
05313
05314
05315
05316
05317
05318
05319
05320
05321
05322
05323
05331
05332
05333
05334
05335
05336
05337
05338
05339
05340
